0.00E+000 3.96E-004
1.00E-006 7.24E-004
2.00E-006 1.02E-003
4.00E-006 1.39E-003
7.00E-006 1.73E-003
1.00E-005 2.29E-003
2.00E-005 3.24E-003
4.00E-005 4.39E-003
7.00E-005 5.47E-003
1.00E-004 7.24E-003
2.00E-004 1.02E-002
4.00E-004 1.39E-002
7.00E-004 1.73E-002
1.00E-003 2.29E-002
2.00E-003 3.23E-002
4.00E-003 4.38E-002
7.00E-003 5.45E-002
1.00E-002 7.18E-002
2.00E-002 9.25E-002
3.00E-002 1.09E-001
4.00E-002 1.23E-001
5.00E-002 1.35E-001
6.00E-002 1.46E-001
7.00E-002 1.56E-001
8.00E-002 1.65E-001
9.00E-002 1.74E-001
1.00E-001 1.95E-001
1.50E-001 2.25E-001
2.00E-001 2.47E-001
2.50E-001 2.65E-001
3.00E-001 2.80E-001
3.50E-001 2.91E-001
4.00E-001 3.00E-001
4.50E-001 3.08E-001
5.00E-001 3.14E-001
5.50E-001 3.19E-001
6.00E-001 3.23E-001
6.50E-001 3.27E-001
7.00E-001 3.29E-001
7.50E-001 3.30E-001
8.00E-001 3.30E-001
8.50E-001 3.30E-001
9.00E-001 3.29E-001
9.50E-001 3.28E-001
1.00E+000 3.26E-001
1.05E+000 3.24E-001
1.10E+000 3.22E-001
1.15E+000 3.19E-001
1.20E+000 3.16E-001
1.25E+000 3.12E-001
1.30E+000 3.09E-001
1.35E+000 3.05E-001
1.40E+000 3.01E-001
1.45E+000 2.97E-001
1.50E+000 2.92E-001
1.55E+000 2.87E-001
1.60E+000 2.83E-001
1.65E+000 2.78E-001
1.70E+000 2.73E-001
1.75E+000 2.68E-001
1.80E+000 2.63E-001
1.85E+000 2.57E-001
1.90E+000 2.52E-001
1.95E+000 2.47E-001
2.00E+000 2.42E-001
2.05E+000 2.36E-001
2.10E+000 2.31E-001
2.15E+000 2.26E-001
2.20E+000 2.21E-001
2.25E+000 2.16E-001
2.30E+000 2.10E-001
2.35E+000 2.05E-001
2.40E+000 2.00E-001
2.45E+000 1.95E-001
2.50E+000 1.91E-001
2.55E+000 1.86E-001
2.60E+000 1.81E-001
2.65E+000 1.76E-001
2.70E+000 1.72E-001
2.75E+000 1.67E-001
2.80E+000 1.63E-001
2.85E+000 1.58E-001
2.90E+000 1.54E-001
2.95E+000 1.50E-001
3.00E+000 1.46E-001
3.05E+000 1.42E-001
3.10E+000 1.38E-001
3.15E+000 1.34E-001
3.20E+000 1.30E-001
3.25E+000 1.26E-001
3.30E+000 1.23E-001
3.35E+000 1.19E-001
3.40E+000 1.16E-001
3.45E+000 1.12E-001
3.50E+000 1.09E-001
3.55E+000 1.06E-001
3.60E+000 1.03E-001
3.65E+000 9.96E-002
3.70E+000 9.66E-002
3.75E+000 9.37E-002
3.80E+000 9.09E-002
3.85E+000 8.81E-002
3.90E+000 8.54E-002
3.95E+000 8.28E-002
4.00E+000 8.03E-002
4.05E+000 7.78E-002
4.10E+000 7.54E-002
4.15E+000 7.30E-002
4.20E+000 7.08E-002
4.25E+000 6.86E-002
4.30E+000 6.64E-002
4.35E+000 6.43E-002
4.40E+000 6.23E-002
4.45E+000 6.03E-002
4.50E+000 5.84E-002
4.55E+000 5.65E-002
4.60E+000 5.47E-002
4.65E+000 5.30E-002
4.70E+000 5.13E-002
4.75E+000 4.96E-002
4.80E+000 4.80E-002
4.85E+000 4.65E-002
4.90E+000 4.50E-002
4.95E+000 4.35E-002
5.00E+000 4.14E-002
5.10E+000 3.87E-002
5.20E+000 3.62E-002
5.30E+000 3.39E-002
5.40E+000 3.17E-002
5.50E+000 2.96E-002
5.60E+000 2.76E-002
5.70E+000 2.58E-002
5.80E+000 2.41E-002
5.90E+000 2.25E-002
6.00E+000 2.10E-002
6.10E+000 1.96E-002
6.20E+000 1.83E-002
6.30E+000 1.71E-002
6.40E+000 1.59E-002
6.50E+000 1.48E-002
6.60E+000 1.38E-002
6.70E+000 1.29E-002
6.80E+000 1.20E-002
6.90E+000 1.12E-002
7.00E+000 1.04E-002
7.10E+000 9.70E-003
7.20E+000 9.03E-003
7.30E+000 8.41E-003
7.40E+000 7.83E-003
7.50E+000 7.29E-003
7.60E+000 6.78E-003
7.70E+000 6.31E-003
7.80E+000 5.87E-003
7.90E+000 5.46E-003
8.00E+000 5.08E-003
8.10E+000 4.72E-003
8.20E+000 4.39E-003
8.30E+000 4.08E-003
8.40E+000 3.79E-003
8.50E+000 3.52E-003
8.60E+000 3.27E-003
8.70E+000 3.04E-003
8.80E+000 2.83E-003
8.90E+000 2.63E-003
9.00E+000 2.44E-003
9.10E+000 2.26E-003
9.20E+000 2.10E-003
9.30E+000 1.95E-003
9.40E+000 1.81E-003
9.50E+000 1.68E-003
9.60E+000 1.56E-003
9.70E+000 1.45E-003
9.80E+000 1.34E-003
9.90E+000 1.25E-003
1.00E+001 1.12E-003
1.02E+001 9.60E-004
1.04E+001 8.26E-004
1.06E+001 7.10E-004
1.08E+001 6.10E-004
1.10E+001 5.24E-004
1.12E+001 4.50E-004
1.14E+001 3.87E-004
1.16E+001 3.32E-004
1.18E+001 2.85E-004
1.20E+001 2.44E-004
1.22E+001 2.09E-004
1.24E+001 1.80E-004
1.26E+001 1.54E-004
1.28E+001 1.32E-004
1.30E+001 1.13E-004
1.32E+001 9.67E-005
1.34E+001 8.28E-005
1.36E+001 7.09E-005
1.38E+001 6.06E-005
1.40E+001 5.19E-005
1.42E+001 4.44E-005
1.44E+001 3.79E-005
1.46E+001 3.24E-005
1.48E+001 2.77E-005
1.50E+001 2.37E-005
1.52E+001 2.02E-005
1.54E+001 1.73E-005
1.56E+001 1.47E-005
1.58E+001 1.26E-005
1.60E+001 1.07E-005
1.62E+001 9.17E-006
1.64E+001 7.82E-006
1.66E+001 6.67E-006
1.68E+001 5.69E-006
1.70E+001 4.85E-006
1.72E+001 4.14E-006
1.74E+001 3.53E-006
1.76E+001 3.01E-006
1.78E+001 2.56E-006
1.80E+001 2.18E-006
1.82E+001 1.86E-006
1.84E+001 1.58E-006
1.86E+001 1.35E-006
1.88E+001 1.15E-006
1.90E+001 9.76E-007
1.92E+001 8.31E-007
1.94E+001 7.07E-007
1.96E+001 6.01E-007
1.98E+001 5.12E-007
2.00E+001 4.35E-007
2.02E+001 3.70E-007
2.04E+001 3.15E-007
2.06E+001 2.67E-007
2.08E+001 2.27E-007
2.10E+001 1.93E-007
2.12E+001 1.64E-007
2.14E+001 1.40E-007
2.16E+001 1.19E-007
2.18E+001 1.01E-007
2.20E+001 8.55E-008
2.22E+001 7.26E-008
2.24E+001 6.17E-008
2.26E+001 5.23E-008
2.28E+001 4.44E-008
2.30E+001 3.77E-008
2.32E+001 3.20E-008
2.34E+001 2.72E-008
2.36E+001 2.30E-008
2.38E+001 1.95E-008
2.40E+001 1.66E-008
2.42E+001 1.41E-008
2.44E+001 1.19E-008
2.46E+001 1.01E-008
2.48E+001 8.57E-009
2.50E+001 0.00E+000